7
49
78
529
1041
81
289
161
41
120
53
50
1038
526
46
198
326
86
74
77
769
641
521
515
517
545
600
533
146
1281
1153
1033
1027
1029
1057
1112
277
1042
321
193
73
67
69
97
89
88
25
85
82
261
259
273
360
1061
290
133
131
145
232
165
546
13
11
104
105
45
42
1560
480
1045
293
23
39
51
60
116
52
54
530
162
38
22
114
58
1158
1286
1046
1080
1030
1031
1094
266
1037
646
774
534
568
518
519
582
522
141
166
294
30
102
240
135
134
142
194
581
368
263
262
270
1090
325
1034
322
76
75
525
197
840
1541
386
712
645
642
584
585
577
138
35
586
37
588
1089
616
549
960
216
773
531
547
540
596
532
150
274
148
164
210
154
147
1352
1285
1282
1224
389
1538
1096
1097
269
1098
1100
1128
1058
1472
344
149
275
291
284
340
276
278
1154
1044
1060
1106
1050
1043
329
328
265
1093
201
200
137
578
71
70
1537
101
98
1049
537
57
449
90
1048
536
56
448
92
385
29
26
83
99
84
28
100
27
21
332
19
330
1800
1059
1068
1124
1062
770
292
354
298
204
202
1672
1157
163
172
228
550
548
610
554
14
15
1544
224
352
112
108
1545
225
353
113
106
43
44
1920
1546
1548
1576
1552
1553
1616
792
1176
452
450
464
417
416
424
1248
864
1052
1108
300
356
420
1556
594
538
226
170
1554
418
1200
1328
1074
1076
1440
1072
1073
1136
312
296
280
268
267
323
1065
1035
1036
1092
688
816
562
564
928
560
561
624
184
552
524
523
579
153
169
139
140
196
180
178
308
306
390
1542
1680
177
176
208
195
593
609
580
1808
305
304
1120
1104
1091
337
324
1064
336
553
209
808
1320
848
720
1608
456
1569
1539
1604
1540
400
388
394
387
680
1192
657
673
643
652
708
644
672
656
706
650
704
832
592
705
833
168
152
1066
834
556
836
736
612
897
896
904
1728
664
785
801
771
780
772
900
156
212
338
282
1156
1170
658
402
1360
1232
1297
1313
1283
1292
1348
1284
1312
1296
1346
1290
401
396
1568
1602
1216
1344
1217
1345
1105
281
297
1218
1220
1376
1122
1409
1408
1416
1856
1304
404
1300
788
1184
1168
1162
1155
1410
1289
777
1288
776
1121
1161
649
1160
648
608
393
392
778
1792
1793
1188
1316
1572
800
784
1794
1164
1664
1665
1169
1185
1668
1570
674
802
1600
1601
1666
1796
1696
1824
1584
1632
912
408
1424
1412
898
432
804
1172
786
1186
1314
676
660
1298